1.571499999999999980e-02
8.270899999999999433e-03
6.871200000000000051e-03
8.779800000000000798e-03
9.352400000000000296e-03
1.043400000000000057e-02
1.075199999999999941e-02
1.043400000000000057e-02
9.606899999999999815e-03
8.779800000000000798e-03
8.461700000000000818e-03
6.680300000000000127e-03
5.980499999999999705e-03
5.598699999999999857e-03
5.853200000000000243e-03
8.016399999999999915e-03
9.543299999999999353e-03
1.049800000000000039e-02
1.043400000000000057e-02
1.011599999999999999e-02
9.670599999999999682e-03
9.479599999999999485e-03
9.034300000000000316e-03
8.525400000000000686e-03
7.507299999999999737e-03
6.171399999999999629e-03
5.217000000000000283e-03
