5.688774099999999635e+03
9.166495100000000093e+03
1.338116129999999976e+04
1.088805260000000089e+04
1.134443319999999949e+04
1.352776879999999983e+04
1.309763010000000031e+04
1.215997279999999955e+04
1.183470679999999993e+04
1.120382109999999921e+04
9.411277799999999843e+03
1.110448439999999937e+04
1.144521359999999913e+04
1.323120620000000054e+04
2.005533640000000014e+04
2.681626629999999932e+04
3.049716860000000088e+04
2.331878589999999895e+04
1.904683840000000055e+04
1.636918419999999969e+04
1.348833740000000034e+04
1.086781439999999930e+04
8.869745800000000600e+03
7.707899699999999939e+03
7.640088399999999638e+03
9.442265699999999924e+03
1.457284549999999945e+04
